2022/09/21-16:41:13.216638 32ec RocksDB version: 5.18.3
2022/09/21-16:41:13.216773 32ec Git sha rocksdb_build_git_sha:@641fae60f63619ed5d0c9d9e4c4ea5a0ffa3e253@
2022/09/21-16:41:13.216787 32ec Compile date Apr 21 2019
2022/09/21-16:41:13.216805 32ec DB SUMMARY
2022/09/21-16:41:13.216876 32ec SST files in E:\220901\nacos\data\protocol\raft\naming_persistent_service\log dir, Total Num: 0, files: 
2022/09/21-16:41:13.216889 32ec Write Ahead Log file in E:\220901\nacos\data\protocol\raft\naming_persistent_service\log: 
2022/09/21-16:41:13.216898 32ec                         Options.error_if_exists: 0
2022/09/21-16:41:13.216912 32ec                       Options.create_if_missing: 1
2022/09/21-16:41:13.216920 32ec                         Options.paranoid_checks: 1
2022/09/21-16:41:13.217094 32ec                                     Options.env: 00000000009D8CD0
2022/09/21-16:41:13.217102 32ec                                Options.info_log: 0000000000A1C640
2022/09/21-16:41:13.217107 32ec                Options.max_file_opening_threads: 16
2022/09/21-16:41:13.217110 32ec                              Options.statistics: 0000000000A06630
2022/09/21-16:41:13.217114 32ec                               Options.use_fsync: 0
2022/09/21-16:41:13.217117 32ec                       Options.max_log_file_size: 0
2022/09/21-16:41:13.217121 32ec                  Options.max_manifest_file_size: 1073741824
2022/09/21-16:41:13.217124 32ec                   Options.log_file_time_to_roll: 0
2022/09/21-16:41:13.217128 32ec                       Options.keep_log_file_num: 1000
2022/09/21-16:41:13.217131 32ec                    Options.recycle_log_file_num: 0
2022/09/21-16:41:13.217135 32ec                         Options.allow_fallocate: 1
2022/09/21-16:41:13.217138 32ec                        Options.allow_mmap_reads: 0
2022/09/21-16:41:13.217141 32ec                       Options.allow_mmap_writes: 0
2022/09/21-16:41:13.217145 32ec                        Options.use_direct_reads: 0
2022/09/21-16:41:13.217148 32ec                        Options.use_direct_io_for_flush_and_compaction: 0
2022/09/21-16:41:13.217151 32ec          Options.create_missing_column_families: 1
2022/09/21-16:41:13.217155 32ec                              Options.db_log_dir: 
2022/09/21-16:41:13.217158 32ec                                 Options.wal_dir: E:\220901\nacos\data\protocol\raft\naming_persistent_service\log
2022/09/21-16:41:13.217161 32ec                Options.table_cache_numshardbits: 6
2022/09/21-16:41:13.217165 32ec                      Options.max_subcompactions: 1
2022/09/21-16:41:13.217168 32ec                  Options.max_background_flushes: 1
2022/09/21-16:41:13.217171 32ec                         Options.WAL_ttl_seconds: 0
2022/09/21-16:41:13.217175 32ec                       Options.WAL_size_limit_MB: 0
2022/09/21-16:41:13.217178 32ec             Options.manifest_preallocation_size: 4194304
2022/09/21-16:41:13.217181 32ec                     Options.is_fd_close_on_exec: 1
2022/09/21-16:41:13.217185 32ec                   Options.advise_random_on_open: 1
2022/09/21-16:41:13.217188 32ec                    Options.db_write_buffer_size: 0
2022/09/21-16:41:13.217191 32ec                    Options.write_buffer_manager: 0000000000A176F0
2022/09/21-16:41:13.217195 32ec         Options.access_hint_on_compaction_start: 1
2022/09/21-16:41:13.217198 32ec  Options.new_table_reader_for_compaction_inputs: 0
2022/09/21-16:41:13.217202 32ec           Options.random_access_max_buffer_size: 1048576
2022/09/21-16:41:13.217205 32ec                      Options.use_adaptive_mutex: 0
2022/09/21-16:41:13.217208 32ec                            Options.rate_limiter: 0000000000000000
2022/09/21-16:41:13.217212 32ec     Options.sst_file_manager.rate_bytes_per_sec: 0
2022/09/21-16:41:13.217215 32ec                       Options.wal_recovery_mode: 2
2022/09/21-16:41:13.217218 32ec                  Options.enable_thread_tracking: 0
2022/09/21-16:41:13.217222 32ec                  Options.enable_pipelined_write: 0
2022/09/21-16:41:13.217225 32ec         Options.allow_concurrent_memtable_write: 1
2022/09/21-16:41:13.217248 32ec      Options.enable_write_thread_adaptive_yield: 1
2022/09/21-16:41:13.217253 32ec             Options.write_thread_max_yield_usec: 100
2022/09/21-16:41:13.217257 32ec            Options.write_thread_slow_yield_usec: 3
2022/09/21-16:41:13.217260 32ec                               Options.row_cache: None
2022/09/21-16:41:13.217263 32ec                              Options.wal_filter: None
2022/09/21-16:41:13.217267 32ec             Options.avoid_flush_during_recovery: 0
2022/09/21-16:41:13.217270 32ec             Options.allow_ingest_behind: 0
2022/09/21-16:41:13.217273 32ec             Options.preserve_deletes: 0
2022/09/21-16:41:13.217277 32ec             Options.two_write_queues: 0
2022/09/21-16:41:13.217280 32ec             Options.manual_wal_flush: 0
2022/09/21-16:41:13.217283 32ec             Options.max_background_jobs: 2
2022/09/21-16:41:13.217286 32ec             Options.max_background_compactions: 4
2022/09/21-16:41:13.217290 32ec             Options.avoid_flush_during_shutdown: 0
2022/09/21-16:41:13.217293 32ec           Options.writable_file_max_buffer_size: 1048576
2022/09/21-16:41:13.217296 32ec             Options.delayed_write_rate : 16777216
2022/09/21-16:41:13.217300 32ec             Options.max_total_wal_size: 0
2022/09/21-16:41:13.217303 32ec             Options.delete_obsolete_files_period_micros: 21600000000
2022/09/21-16:41:13.217306 32ec                   Options.stats_dump_period_sec: 600
2022/09/21-16:41:13.217310 32ec                          Options.max_open_files: -1
2022/09/21-16:41:13.217317 32ec                          Options.bytes_per_sync: 0
2022/09/21-16:41:13.217320 32ec                      Options.wal_bytes_per_sync: 0
2022/09/21-16:41:13.217324 32ec       Options.compaction_readahead_size: 0
2022/09/21-16:41:13.217327 32ec Compression algorithms supported:
2022/09/21-16:41:13.217330 32ec 	kZSTD supported: 1
2022/09/21-16:41:13.217334 32ec 	kSnappyCompression supported: 1
2022/09/21-16:41:13.217337 32ec 	kBZip2Compression supported: 0
2022/09/21-16:41:13.217340 32ec 	kZlibCompression supported: 1
2022/09/21-16:41:13.217344 32ec 	kLZ4Compression supported: 1
2022/09/21-16:41:13.217347 32ec 	kXpressCompression supported: 0
2022/09/21-16:41:13.217350 32ec 	kLZ4HCCompression supported: 1
2022/09/21-16:41:13.217353 32ec 	kZSTDNotFinalCompression supported: 1
2022/09/21-16:41:13.217367 32ec Fast CRC32 supported: Supported on x86
2022/09/21-16:41:13.217524 32ec [db\db_impl_open.cc:226] Creating manifest 1 
2022/09/21-16:41:13.227607 32ec [db\version_set.cc:3508] Recovering from manifest file: MANIFEST-000001
2022/09/21-16:41:13.230233 32ec [db\column_family.cc:474] --------------- Options for column family [default]:
2022/09/21-16:41:13.230251 32ec               Options.comparator: leveldb.BytewiseComparator
2022/09/21-16:41:13.230256 32ec           Options.merge_operator: StringAppendOperator
2022/09/21-16:41:13.230259 32ec        Options.compaction_filter: None
2022/09/21-16:41:13.230262 32ec        Options.compaction_filter_factory: None
2022/09/21-16:41:13.230266 32ec         Options.memtable_factory: SkipListFactory
2022/09/21-16:41:13.230269 32ec            Options.table_factory: BlockBasedTable
2022/09/21-16:41:13.230301 32ec            table_factory options:   flush_block_policy_factory: FlushBlockBySizePolicyFactory (0000000000947300)
  cache_index_and_filter_blocks: 0
  cache_index_and_filter_blocks_with_high_priority: 1
  pin_l0_filter_and_index_blocks_in_cache: 1
  pin_top_level_index_and_filter: 1
  index_type: 2
  hash_index_allow_collision: 1
  checksum: 1
  no_block_cache: 0
  block_cache: 00000000009B7F00
  block_cache_name: LRUCache
  block_cache_options:
    capacity : 536870912
    num_shard_bits : 8
    strict_capacity_limit : 0
    memory_allocator : None
    high_pri_pool_ratio: 0.000
  block_cache_compressed: 0000000000000000
  persistent_cache: 0000000000000000
  block_size: 4096
  block_size_deviation: 10
  block_restart_interval: 16
  index_block_restart_interval: 1
  metadata_block_size: 8192
  partition_filters: 1
  use_delta_encoding: 1
  filter_policy: nullptr
  whole_key_filtering: 1
  verify_compression: 0
  read_amp_bytes_per_bit: 0
  format_version: 0
  enable_index_compression: 1
  block_align: 0
2022/09/21-16:41:13.230340 32ec        Options.write_buffer_size: 67108864
2022/09/21-16:41:13.230346 32ec  Options.max_write_buffer_number: 3
2022/09/21-16:41:13.230350 32ec          Options.compression: Snappy
2022/09/21-16:41:13.230353 32ec                  Options.bottommost_compression: Disabled
2022/09/21-16:41:13.230357 32ec       Options.prefix_extractor: rocksdb.FixedPrefix.8
2022/09/21-16:41:13.230360 32ec   Options.memtable_insert_with_hint_prefix_extractor: nullptr
2022/09/21-16:41:13.230363 32ec             Options.num_levels: 7
2022/09/21-16:41:13.230366 32ec        Options.min_write_buffer_number_to_merge: 1
2022/09/21-16:41:13.230369 32ec     Options.max_write_buffer_number_to_maintain: 0
2022/09/21-16:41:13.230372 32ec            Options.bottommost_compression_opts.window_bits: -14
2022/09/21-16:41:13.230376 32ec                  Options.bottommost_compression_opts.level: 32767
2022/09/21-16:41:13.230379 32ec               Options.bottommost_compression_opts.strategy: 0
2022/09/21-16:41:13.230382 32ec         Options.bottommost_compression_opts.max_dict_bytes: 0
2022/09/21-16:41:13.230386 32ec         Options.bottommost_compression_opts.zstd_max_train_bytes: 0
2022/09/21-16:41:13.230389 32ec                  Options.bottommost_compression_opts.enabled: false
2022/09/21-16:41:13.230392 32ec            Options.compression_opts.window_bits: -14
2022/09/21-16:41:13.230395 32ec                  Options.compression_opts.level: 32767
2022/09/21-16:41:13.230398 32ec               Options.compression_opts.strategy: 0
2022/09/21-16:41:13.230402 32ec         Options.compression_opts.max_dict_bytes: 0
2022/09/21-16:41:13.230405 32ec         Options.compression_opts.zstd_max_train_bytes: 0
2022/09/21-16:41:13.230408 32ec                  Options.compression_opts.enabled: false
2022/09/21-16:41:13.230411 32ec      Options.level0_file_num_compaction_trigger: 10
2022/09/21-16:41:13.230414 32ec          Options.level0_slowdown_writes_trigger: 20
2022/09/21-16:41:13.230418 32ec              Options.level0_stop_writes_trigger: 40
2022/09/21-16:41:13.230421 32ec                   Options.target_file_size_base: 67108864
2022/09/21-16:41:13.230424 32ec             Options.target_file_size_multiplier: 1
2022/09/21-16:41:13.230427 32ec                Options.max_bytes_for_level_base: 536870912
2022/09/21-16:41:13.230430 32ec Options.level_compaction_dynamic_level_bytes: 0
2022/09/21-16:41:13.230434 32ec          Options.max_bytes_for_level_multiplier: 10.000000
2022/09/21-16:41:13.230444 32ec Options.max_bytes_for_level_multiplier_addtl[0]: 1
2022/09/21-16:41:13.230447 32ec Options.max_bytes_for_level_multiplier_addtl[1]: 1
2022/09/21-16:41:13.230451 32ec Options.max_bytes_for_level_multiplier_addtl[2]: 1
2022/09/21-16:41:13.230454 32ec Options.max_bytes_for_level_multiplier_addtl[3]: 1
2022/09/21-16:41:13.230457 32ec Options.max_bytes_for_level_multiplier_addtl[4]: 1
2022/09/21-16:41:13.230460 32ec Options.max_bytes_for_level_multiplier_addtl[5]: 1
2022/09/21-16:41:13.230463 32ec Options.max_bytes_for_level_multiplier_addtl[6]: 1
2022/09/21-16:41:13.230467 32ec       Options.max_sequential_skip_in_iterations: 8
2022/09/21-16:41:13.230470 32ec                    Options.max_compaction_bytes: 1677721600
2022/09/21-16:41:13.230473 32ec                        Options.arena_block_size: 8388608
2022/09/21-16:41:13.230476 32ec   Options.soft_pending_compaction_bytes_limit: 68719476736
2022/09/21-16:41:13.230480 32ec   Options.hard_pending_compaction_bytes_limit: 274877906944
2022/09/21-16:41:13.230483 32ec       Options.rate_limit_delay_max_milliseconds: 100
2022/09/21-16:41:13.230486 32ec                Options.disable_auto_compactions: 0
2022/09/21-16:41:13.230490 32ec                        Options.compaction_style: kCompactionStyleLevel
2022/09/21-16:41:13.230494 32ec                          Options.compaction_pri: kByCompensatedSize
2022/09/21-16:41:13.230497 32ec Options.compaction_options_universal.size_ratio: 1
2022/09/21-16:41:13.230502 32ec Options.compaction_options_universal.min_merge_width: 2
2022/09/21-16:41:13.230506 32ec Options.compaction_options_universal.max_merge_width: 4294967295
2022/09/21-16:41:13.230509 32ec Options.compaction_options_universal.max_size_amplification_percent: 200
2022/09/21-16:41:13.230512 32ec Options.compaction_options_universal.compression_size_percent: -1
2022/09/21-16:41:13.230516 32ec Options.compaction_options_universal.stop_style: kCompactionStopStyleTotalSize
2022/09/21-16:41:13.230519 32ec Options.compaction_options_fifo.max_table_files_size: 1073741824
2022/09/21-16:41:13.230523 32ec Options.compaction_options_fifo.allow_compaction: 0
2022/09/21-16:41:13.230526 32ec Options.compaction_options_fifo.ttl: 0
2022/09/21-16:41:13.230529 32ec                   Options.table_properties_collectors: 
2022/09/21-16:41:13.230532 32ec                   Options.inplace_update_support: 0
2022/09/21-16:41:13.230536 32ec                 Options.inplace_update_num_locks: 10000
2022/09/21-16:41:13.230539 32ec               Options.memtable_prefix_bloom_size_ratio: 0.125000
2022/09/21-16:41:13.230543 32ec   Options.memtable_huge_page_size: 0
2022/09/21-16:41:13.230546 32ec                           Options.bloom_locality: 0
2022/09/21-16:41:13.230549 32ec                    Options.max_successive_merges: 0
2022/09/21-16:41:13.230552 32ec                Options.optimize_filters_for_hits: 0
2022/09/21-16:41:13.230555 32ec                Options.paranoid_file_checks: 0
2022/09/21-16:41:13.230558 32ec                Options.force_consistency_checks: 1
2022/09/21-16:41:13.230562 32ec                Options.report_bg_io_stats: 0
2022/09/21-16:41:13.230565 32ec                               Options.ttl: 0
2022/09/21-16:41:13.234924 32ec [db\version_set.cc:3724] Recovered from manifest file:E:\220901\nacos\data\protocol\raft\naming_persistent_service\log/MANIFEST-000001 succeeded,manifest_file_number is 1, next_file_number is 3, last_sequence is 0, log_number is 0,prev_log_number is 0,max_column_family is 0,min_log_number_to_keep is 0
2022/09/21-16:41:13.234940 32ec [db\version_set.cc:3732] Column family [default] (ID 0), log number is 0
2022/09/21-16:41:13.235318 32ec [db\version_set.cc:3037] Creating manifest 4
2022/09/21-16:41:13.237772 32ec [db\column_family.cc:474] --------------- Options for column family [Configuration]:
2022/09/21-16:41:13.237780 32ec               Options.comparator: leveldb.BytewiseComparator
2022/09/21-16:41:13.237784 32ec           Options.merge_operator: StringAppendOperator
2022/09/21-16:41:13.237787 32ec        Options.compaction_filter: None
2022/09/21-16:41:13.237790 32ec        Options.compaction_filter_factory: None
2022/09/21-16:41:13.237794 32ec         Options.memtable_factory: SkipListFactory
2022/09/21-16:41:13.237797 32ec            Options.table_factory: BlockBasedTable
2022/09/21-16:41:13.237817 32ec            table_factory options:   flush_block_policy_factory: FlushBlockBySizePolicyFactory (0000000000947300)
  cache_index_and_filter_blocks: 0
  cache_index_and_filter_blocks_with_high_priority: 1
  pin_l0_filter_and_index_blocks_in_cache: 1
  pin_top_level_index_and_filter: 1
  index_type: 2
  hash_index_allow_collision: 1
  checksum: 1
  no_block_cache: 0
  block_cache: 00000000009B7F00
  block_cache_name: LRUCache
  block_cache_options:
    capacity : 536870912
    num_shard_bits : 8
    strict_capacity_limit : 0
    memory_allocator : None
    high_pri_pool_ratio: 0.000
  block_cache_compressed: 0000000000000000
  persistent_cache: 0000000000000000
  block_size: 4096
  block_size_deviation: 10
  block_restart_interval: 16
  index_block_restart_interval: 1
  metadata_block_size: 8192
  partition_filters: 1
  use_delta_encoding: 1
  filter_policy: nullptr
  whole_key_filtering: 1
  verify_compression: 0
  read_amp_bytes_per_bit: 0
  format_version: 0
  enable_index_compression: 1
  block_align: 0
2022/09/21-16:41:13.237821 32ec        Options.write_buffer_size: 67108864
2022/09/21-16:41:13.237825 32ec  Options.max_write_buffer_number: 3
2022/09/21-16:41:13.237855 32ec          Options.compression: Snappy
2022/09/21-16:41:13.237861 32ec                  Options.bottommost_compression: Disabled
2022/09/21-16:41:13.237865 32ec       Options.prefix_extractor: rocksdb.FixedPrefix.8
2022/09/21-16:41:13.237868 32ec   Options.memtable_insert_with_hint_prefix_extractor: nullptr
2022/09/21-16:41:13.237871 32ec             Options.num_levels: 7
2022/09/21-16:41:13.237874 32ec        Options.min_write_buffer_number_to_merge: 1
2022/09/21-16:41:13.237878 32ec     Options.max_write_buffer_number_to_maintain: 0
2022/09/21-16:41:13.237881 32ec            Options.bottommost_compression_opts.window_bits: -14
2022/09/21-16:41:13.237884 32ec                  Options.bottommost_compression_opts.level: 32767
2022/09/21-16:41:13.237887 32ec               Options.bottommost_compression_opts.strategy: 0
2022/09/21-16:41:13.237891 32ec         Options.bottommost_compression_opts.max_dict_bytes: 0
2022/09/21-16:41:13.237894 32ec         Options.bottommost_compression_opts.zstd_max_train_bytes: 0
2022/09/21-16:41:13.237897 32ec                  Options.bottommost_compression_opts.enabled: false
2022/09/21-16:41:13.237900 32ec            Options.compression_opts.window_bits: -14
2022/09/21-16:41:13.237903 32ec                  Options.compression_opts.level: 32767
2022/09/21-16:41:13.237907 32ec               Options.compression_opts.strategy: 0
2022/09/21-16:41:13.237910 32ec         Options.compression_opts.max_dict_bytes: 0
2022/09/21-16:41:13.237913 32ec         Options.compression_opts.zstd_max_train_bytes: 0
2022/09/21-16:41:13.237916 32ec                  Options.compression_opts.enabled: false
2022/09/21-16:41:13.237919 32ec      Options.level0_file_num_compaction_trigger: 10
2022/09/21-16:41:13.237922 32ec          Options.level0_slowdown_writes_trigger: 20
2022/09/21-16:41:13.237926 32ec              Options.level0_stop_writes_trigger: 40
2022/09/21-16:41:13.237929 32ec                   Options.target_file_size_base: 67108864
2022/09/21-16:41:13.237932 32ec             Options.target_file_size_multiplier: 1
2022/09/21-16:41:13.237935 32ec                Options.max_bytes_for_level_base: 536870912
2022/09/21-16:41:13.237938 32ec Options.level_compaction_dynamic_level_bytes: 0
2022/09/21-16:41:13.237942 32ec          Options.max_bytes_for_level_multiplier: 10.000000
2022/09/21-16:41:13.237946 32ec Options.max_bytes_for_level_multiplier_addtl[0]: 1
2022/09/21-16:41:13.237950 32ec Options.max_bytes_for_level_multiplier_addtl[1]: 1
2022/09/21-16:41:13.237953 32ec Options.max_bytes_for_level_multiplier_addtl[2]: 1
2022/09/21-16:41:13.237956 32ec Options.max_bytes_for_level_multiplier_addtl[3]: 1
2022/09/21-16:41:13.237959 32ec Options.max_bytes_for_level_multiplier_addtl[4]: 1
2022/09/21-16:41:13.237963 32ec Options.max_bytes_for_level_multiplier_addtl[5]: 1
2022/09/21-16:41:13.237966 32ec Options.max_bytes_for_level_multiplier_addtl[6]: 1
2022/09/21-16:41:13.237969 32ec       Options.max_sequential_skip_in_iterations: 8
2022/09/21-16:41:13.237972 32ec                    Options.max_compaction_bytes: 1677721600
2022/09/21-16:41:13.237975 32ec                        Options.arena_block_size: 8388608
2022/09/21-16:41:13.237978 32ec   Options.soft_pending_compaction_bytes_limit: 68719476736
2022/09/21-16:41:13.237982 32ec   Options.hard_pending_compaction_bytes_limit: 274877906944
2022/09/21-16:41:13.237985 32ec       Options.rate_limit_delay_max_milliseconds: 100
2022/09/21-16:41:13.237988 32ec                Options.disable_auto_compactions: 0
2022/09/21-16:41:13.237992 32ec                        Options.compaction_style: kCompactionStyleLevel
2022/09/21-16:41:13.237996 32ec                          Options.compaction_pri: kByCompensatedSize
2022/09/21-16:41:13.237999 32ec Options.compaction_options_universal.size_ratio: 1
2022/09/21-16:41:13.238002 32ec Options.compaction_options_universal.min_merge_width: 2
2022/09/21-16:41:13.238006 32ec Options.compaction_options_universal.max_merge_width: 4294967295
2022/09/21-16:41:13.238009 32ec Options.compaction_options_universal.max_size_amplification_percent: 200
2022/09/21-16:41:13.238013 32ec Options.compaction_options_universal.compression_size_percent: -1
2022/09/21-16:41:13.238018 32ec Options.compaction_options_universal.stop_style: kCompactionStopStyleTotalSize
2022/09/21-16:41:13.238021 32ec Options.compaction_options_fifo.max_table_files_size: 1073741824
2022/09/21-16:41:13.238024 32ec Options.compaction_options_fifo.allow_compaction: 0
2022/09/21-16:41:13.238027 32ec Options.compaction_options_fifo.ttl: 0
2022/09/21-16:41:13.238031 32ec                   Options.table_properties_collectors: 
2022/09/21-16:41:13.238034 32ec                   Options.inplace_update_support: 0
2022/09/21-16:41:13.238037 32ec                 Options.inplace_update_num_locks: 10000
2022/09/21-16:41:13.238040 32ec               Options.memtable_prefix_bloom_size_ratio: 0.125000
2022/09/21-16:41:13.238044 32ec   Options.memtable_huge_page_size: 0
2022/09/21-16:41:13.238047 32ec                           Options.bloom_locality: 0
2022/09/21-16:41:13.238050 32ec                    Options.max_successive_merges: 0
2022/09/21-16:41:13.238054 32ec                Options.optimize_filters_for_hits: 0
2022/09/21-16:41:13.238057 32ec                Options.paranoid_file_checks: 0
2022/09/21-16:41:13.238060 32ec                Options.force_consistency_checks: 1
2022/09/21-16:41:13.238063 32ec                Options.report_bg_io_stats: 0
2022/09/21-16:41:13.238066 32ec                               Options.ttl: 0
2022/09/21-16:41:13.240271 32ec [db\db_impl.cc:1606] Created column family [Configuration] (ID 1)
2022/09/21-16:41:13.270713 32ec [db\db_impl_open.cc:1314] DB pointer 0000000000A2CCD0
2022/09/21-16:41:13.271130 4bc8 [WARN] [db\db_impl.cc:669] ------- DUMPING STATS -------
2022/09/21-16:41:13.271144 4bc8 [WARN] [db\db_impl.cc:670] 
** DB Stats **
Uptime(secs): 0.0 total, 0.0 interval
Cumulative writes: 0 writes, 0 keys, 0 commit groups, 0.0 writes per commit group, ingest: 0.00 GB, 0.00 MB/s
Cumulative WAL: 0 writes, 0 syncs, 0.00 writes per sync, written: 0.00 GB, 0.00 MB/s
Cumulative stall: 00:00:0.000 H:M:S, 0.0 percent
Interval writes: 0 writes, 0 keys, 0 commit groups, 0.0 writes per commit group, ingest: 0.00 MB, 0.00 MB/s
Interval WAL: 0 writes, 0 syncs, 0.00 writes per sync, written: 0.00 MB, 0.00 MB/s
Interval stall: 00:00:0.000 H:M:S, 0.0 percent

** Compaction Stats [default] **
Level    Files   Size     Score Read(GB)  Rn(GB) Rnp1(GB) Write(GB) Wnew(GB) Moved(GB) W-Amp Rd(MB/s) Wr(MB/s) Comp(sec) Comp(cnt) Avg(sec) KeyIn KeyDrop
----------------------------------------------------------------------------------------------------------------------------------------------------------
 Sum      0/0    0.00 KB   0.0      0.0     0.0      0.0       0.0      0.0       0.0   0.0      0.0      0.0         0         0    0.000       0      0
 Int      0/0    0.00 KB   0.0      0.0     0.0      0.0       0.0      0.0       0.0   0.0      0.0      0.0         0         0    0.000       0      0
Uptime(secs): 0.0 total, 0.0 interval
Flush(GB): cumulative 0.000, interval 0.000
AddFile(GB): cumulative 0.000, interval 0.000
AddFile(Total Files): cumulative 0, interval 0
AddFile(L0 Files): cumulative 0, interval 0
AddFile(Keys): cumulative 0, interval 0
Cumulative compaction: 0.00 GB write, 0.00 MB/s write, 0.00 GB read, 0.00 MB/s read, 0.0 seconds
Interval compaction: 0.00 GB write, 0.00 MB/s write, 0.00 GB read, 0.00 MB/s read, 0.0 seconds
Stalls(count): 0 level0_slowdown, 0 level0_slowdown_with_compaction, 0 level0_numfiles, 0 level0_numfiles_with_compaction, 0 stop for pending_compaction_bytes, 0 slowdown for pending_compaction_bytes, 0 memtable_compaction, 0 memtable_slowdown, interval 0 total count

** File Read Latency Histogram By Level [default] **

** Compaction Stats [Configuration] **
Level    Files   Size     Score Read(GB)  Rn(GB) Rnp1(GB) Write(GB) Wnew(GB) Moved(GB) W-Amp Rd(MB/s) Wr(MB/s) Comp(sec) Comp(cnt) Avg(sec) KeyIn KeyDrop
----------------------------------------------------------------------------------------------------------------------------------------------------------
 Sum      0/0    0.00 KB   0.0      0.0     0.0      0.0       0.0      0.0       0.0   0.0      0.0      0.0         0         0    0.000       0      0
 Int      0/0    0.00 KB   0.0      0.0     0.0      0.0       0.0      0.0       0.0   0.0      0.0      0.0         0         0    0.000       0      0
Uptime(secs): 0.0 total, 0.0 interval
Flush(GB): cumulative 0.000, interval 0.000
AddFile(GB): cumulative 0.000, interval 0.000
AddFile(Total Files): cumulative 0, interval 0
AddFile(L0 Files): cumulative 0, interval 0
AddFile(Keys): cumulative 0, interval 0
Cumulative compaction: 0.00 GB write, 0.00 MB/s write, 0.00 GB read, 0.00 MB/s read, 0.0 seconds
Interval compaction: 0.00 GB write, 0.00 MB/s write, 0.00 GB read, 0.00 MB/s read, 0.0 seconds
Stalls(count): 0 level0_slowdown, 0 level0_slowdown_with_compaction, 0 level0_numfiles, 0 level0_numfiles_with_compaction, 0 stop for pending_compaction_bytes, 0 slowdown for pending_compaction_bytes, 0 memtable_compaction, 0 memtable_slowdown, interval 0 total count

** File Read Latency Histogram By Level [Configuration] **

** Compaction Stats [default] **
Level    Files   Size     Score Read(GB)  Rn(GB) Rnp1(GB) Write(GB) Wnew(GB) Moved(GB) W-Amp Rd(MB/s) Wr(MB/s) Comp(sec) Comp(cnt) Avg(sec) KeyIn KeyDrop
----------------------------------------------------------------------------------------------------------------------------------------------------------
 Sum      0/0    0.00 KB   0.0      0.0     0.0      0.0       0.0      0.0       0.0   0.0      0.0      0.0         0         0    0.000       0      0
 Int      0/0    0.00 KB   0.0      0.0     0.0      0.0       0.0      0.0       0.0   0.0      0.0      0.0         0         0    0.000       0      0
Uptime(secs): 0.0 total, 0.0 interval
Flush(GB): cumulative 0.000, interval 0.000
AddFile(GB): cumulative 0.000, interval 0.000
AddFile(Total Files): cumulative 0, interval 0
AddFile(L0 Files): cumulative 0, interval 0
AddFile(Keys): cumulative 0, interval 0
Cumulative compaction: 0.00 GB write, 0.00 MB/s write, 0.00 GB read, 0.00 MB/s read, 0.0 seconds
Interval compaction: 0.00 GB write, 0.00 MB/s write, 0.00 GB read, 0.00 MB/s read, 0.0 seconds
Stalls(count): 0 level0_slowdown, 0 level0_slowdown_with_compaction, 0 level0_numfiles, 0 level0_numfiles_with_compaction, 0 stop for pending_compaction_bytes, 0 slowdown for pending_compaction_bytes, 0 memtable_compaction, 0 memtable_slowdown, interval 0 total count

** File Read Latency Histogram By Level [default] **

** Compaction Stats [Configuration] **
Level    Files   Size     Score Read(GB)  Rn(GB) Rnp1(GB) Write(GB) Wnew(GB) Moved(GB) W-Amp Rd(MB/s) Wr(MB/s) Comp(sec) Comp(cnt) Avg(sec) KeyIn KeyDrop
----------------------------------------------------------------------------------------------------------------------------------------------------------
 Sum      0/0    0.00 KB   0.0      0.0     0.0      0.0       0.0      0.0       0.0   0.0      0.0      0.0         0         0    0.000       0      0
 Int      0/0    0.00 KB   0.0      0.0     0.0      0.0       0.0      0.0       0.0   0.0      0.0      0.0         0         0    0.000       0      0
Uptime(secs): 0.0 total, 0.0 interval
Flush(GB): cumulative 0.000, interval 0.000
AddFile(GB): cumulative 0.000, interval 0.000
AddFile(Total Files): cumulative 0, interval 0
AddFile(L0 Files): cumulative 0, interval 0
AddFile(Keys): cumulative 0, interval 0
Cumulative compaction: 0.00 GB write, 0.00 MB/s write, 0.00 GB read, 0.00 MB/s read, 0.0 seconds
Interval compaction: 0.00 GB write, 0.00 MB/s write, 0.00 GB read, 0.00 MB/s read, 0.0 seconds
Stalls(count): 0 level0_slowdown, 0 level0_slowdown_with_compaction, 0 level0_numfiles, 0 level0_numfiles_with_compaction, 0 stop for pending_compaction_bytes, 0 slowdown for pending_compaction_bytes, 0 memtable_compaction, 0 memtable_slowdown, interval 0 total count

** File Read Latency Histogram By Level [Configuration] **
2022/09/21-16:41:13.271708 4bc8 [WARN] [db\db_impl.cc:617] STATISTICS:
 rocksdb.block.cache.miss COUNT : 0
rocksdb.block.cache.hit COUNT : 0
rocksdb.block.cache.add COUNT : 0
rocksdb.block.cache.add.failures COUNT : 0
rocksdb.block.cache.index.miss COUNT : 0
rocksdb.block.cache.index.hit COUNT : 0
rocksdb.block.cache.index.add COUNT : 0
rocksdb.block.cache.index.bytes.insert COUNT : 0
rocksdb.block.cache.index.bytes.evict COUNT : 0
rocksdb.block.cache.filter.miss COUNT : 0
rocksdb.block.cache.filter.hit COUNT : 0
rocksdb.block.cache.filter.add COUNT : 0
rocksdb.block.cache.filter.bytes.insert COUNT : 0
rocksdb.block.cache.filter.bytes.evict COUNT : 0
rocksdb.block.cache.data.miss COUNT : 0
rocksdb.block.cache.data.hit COUNT : 0
rocksdb.block.cache.data.add COUNT : 0
rocksdb.block.cache.data.bytes.insert COUNT : 0
rocksdb.block.cache.bytes.read COUNT : 0
rocksdb.block.cache.bytes.write COUNT : 0
rocksdb.bloom.filter.useful COUNT : 0
rocksdb.bloom.filter.full.positive COUNT : 0
rocksdb.bloom.filter.full.true.positive COUNT : 0
rocksdb.persistent.cache.hit COUNT : 0
rocksdb.persistent.cache.miss COUNT : 0
rocksdb.sim.block.cache.hit COUNT : 0
rocksdb.sim.block.cache.miss COUNT : 0
rocksdb.memtable.hit COUNT : 0
rocksdb.memtable.miss COUNT : 0
rocksdb.l0.hit COUNT : 0
rocksdb.l1.hit COUNT : 0
rocksdb.l2andup.hit COUNT : 0
rocksdb.compaction.key.drop.new COUNT : 0
rocksdb.compaction.key.drop.obsolete COUNT : 0
rocksdb.compaction.key.drop.range_del COUNT : 0
rocksdb.compaction.key.drop.user COUNT : 0
rocksdb.compaction.range_del.drop.obsolete COUNT : 0
rocksdb.compaction.optimized.del.drop.obsolete COUNT : 0
rocksdb.compaction.cancelled COUNT : 0
rocksdb.number.keys.written COUNT : 0
rocksdb.number.keys.read COUNT : 0
rocksdb.number.keys.updated COUNT : 0
rocksdb.bytes.written COUNT : 0
rocksdb.bytes.read COUNT : 0
rocksdb.number.db.seek COUNT : 0
rocksdb.number.db.next COUNT : 0
rocksdb.number.db.prev COUNT : 0
rocksdb.number.db.seek.found COUNT : 0
rocksdb.number.db.next.found COUNT : 0
rocksdb.number.db.prev.found COUNT : 0
rocksdb.db.iter.bytes.read COUNT : 0
rocksdb.no.file.closes COUNT : 0
rocksdb.no.file.opens COUNT : 0
rocksdb.no.file.errors COUNT : 0
rocksdb.l0.slowdown.micros COUNT : 0
rocksdb.memtable.compaction.micros COUNT : 0
rocksdb.l0.num.files.stall.micros COUNT : 0
rocksdb.stall.micros COUNT : 0
rocksdb.db.mutex.wait.micros COUNT : 0
rocksdb.rate.limit.delay.millis COUNT : 0
rocksdb.num.iterators COUNT : 0
rocksdb.number.multiget.get COUNT : 0
rocksdb.number.multiget.keys.read COUNT : 0
rocksdb.number.multiget.bytes.read COUNT : 0
rocksdb.number.deletes.filtered COUNT : 0
rocksdb.number.merge.failures COUNT : 0
rocksdb.bloom.filter.prefix.checked COUNT : 0
rocksdb.bloom.filter.prefix.useful COUNT : 0
rocksdb.number.reseeks.iteration COUNT : 0
rocksdb.getupdatessince.calls COUNT : 0
rocksdb.block.cachecompressed.miss COUNT : 0
rocksdb.block.cachecompressed.hit COUNT : 0
rocksdb.block.cachecompressed.add COUNT : 0
rocksdb.block.cachecompressed.add.failures COUNT : 0
rocksdb.wal.synced COUNT : 0
rocksdb.wal.bytes COUNT : 0
rocksdb.write.self COUNT : 0
rocksdb.write.other COUNT : 0
rocksdb.write.timeout COUNT : 0
rocksdb.write.wal COUNT : 0
rocksdb.compact.read.bytes COUNT : 0
rocksdb.compact.write.bytes COUNT : 0
rocksdb.flush.write.bytes COUNT : 0
rocksdb.number.direct.load.table.properties COUNT : 0
rocksdb.number.superversion_acquires COUNT : 0
rocksdb.number.superversion_releases COUNT : 0
rocksdb.number.superversion_cleanups COUNT : 0
rocksdb.number.block.compressed COUNT : 0
rocksdb.number.block.decompressed COUNT : 0
rocksdb.number.block.not_compressed COUNT : 0
rocksdb.merge.operation.time.nanos COUNT : 0
rocksdb.filter.operation.time.nanos COUNT : 0
rocksdb.row.cache.hit COUNT : 0
rocksdb.row.cache.miss COUNT : 0
rocksdb.read.amp.estimate.useful.bytes COUNT : 0
rocksdb.read.amp.total.read.bytes COUNT : 0
rocksdb.number.rate_limiter.drains COUNT : 0
rocksdb.number.iter.skip COUNT : 0
rocksdb.blobdb.num.put COUNT : 0
rocksdb.blobdb.num.write COUNT : 0
rocksdb.blobdb.num.get COUNT : 0
rocksdb.blobdb.num.multiget COUNT : 0
rocksdb.blobdb.num.seek COUNT : 0
rocksdb.blobdb.num.next COUNT : 0
rocksdb.blobdb.num.prev COUNT : 0
rocksdb.blobdb.num.keys.written COUNT : 0
rocksdb.blobdb.num.keys.read COUNT : 0
rocksdb.blobdb.bytes.written COUNT : 0
rocksdb.blobdb.bytes.read COUNT : 0
rocksdb.blobdb.write.inlined COUNT : 0
rocksdb.blobdb.write.inlined.ttl COUNT : 0
rocksdb.blobdb.write.blob COUNT : 0
rocksdb.blobdb.write.blob.ttl COUNT : 0
rocksdb.blobdb.blob.file.bytes.written COUNT : 0
rocksdb.blobdb.blob.file.bytes.read COUNT : 0
rocksdb.blobdb.blob.file.synced COUNT : 0
rocksdb.blobdb.blob.index.expired.count COUNT : 0
rocksdb.blobdb.blob.index.expired.size COUNT : 0
rocksdb.blobdb.blob.index.evicted.count COUNT : 0
rocksdb.blobdb.blob.index.evicted.size COUNT : 0
rocksdb.blobdb.gc.num.files COUNT : 0
rocksdb.blobdb.gc.num.new.files COUNT : 0
rocksdb.blobdb.gc.failures COUNT : 0
rocksdb.blobdb.gc.num.keys.overwritten COUNT : 0
rocksdb.blobdb.gc.num.keys.expired COUNT : 0
rocksdb.blobdb.gc.num.keys.relocated COUNT : 0
rocksdb.blobdb.gc.bytes.overwritten COUNT : 0
rocksdb.blobdb.gc.bytes.expired COUNT : 0
rocksdb.blobdb.gc.bytes.relocated COUNT : 0
rocksdb.blobdb.fifo.num.files.evicted COUNT : 0
rocksdb.blobdb.fifo.num.keys.evicted COUNT : 0
rocksdb.blobdb.fifo.bytes.evicted COUNT : 0
rocksdb.txn.overhead.mutex.prepare COUNT : 0
rocksdb.txn.overhead.mutex.old.commit.map COUNT : 0
rocksdb.txn.overhead.duplicate.key COUNT : 0
rocksdb.txn.overhead.mutex.snapshot COUNT : 0
rocksdb.number.multiget.keys.found COUNT : 0
rocksdb.num.iterator.created COUNT : 0
rocksdb.num.iterator.deleted COUNT : 0
rocksdb.db.get.micros P50 : 0.000000 P95 : 0.000000 P99 : 0.000000 P100 : 0.000000 COUNT : 0 SUM : 0
rocksdb.db.write.micros P50 : 0.000000 P95 : 0.000000 P99 : 0.000000 P100 : 0.000000 COUNT : 0 SUM : 0
rocksdb.compaction.times.micros P50 : 0.000000 P95 : 0.000000 P99 : 0.000000 P100 : 0.000000 COUNT : 0 SUM : 0
rocksdb.subcompaction.setup.times.micros P50 : 0.000000 P95 : 0.000000 P99 : 0.000000 P100 : 0.000000 COUNT : 0 SUM : 0
rocksdb.table.sync.micros P50 : 0.000000 P95 : 0.000000 P99 : 0.000000 P100 : 0.000000 COUNT : 0 SUM : 0
rocksdb.compaction.outfile.sync.micros P50 : 0.000000 P95 : 0.000000 P99 : 0.000000 P100 : 0.000000 COUNT : 0 SUM : 0
rocksdb.wal.file.sync.micros P50 : 0.000000 P95 : 0.000000 P99 : 0.000000 P100 : 0.000000 COUNT : 0 SUM : 0
rocksdb.manifest.file.sync.micros P50 : 580.000000 P95 : 651.000000 P99 : 651.000000 P100 : 651.000000 COUNT : 2 SUM : 1180
rocksdb.table.open.io.micros P50 : 0.000000 P95 : 0.000000 P99 : 0.000000 P100 : 0.000000 COUNT : 0 SUM : 0
rocksdb.db.multiget.micros P50 : 0.000000 P95 : 0.000000 P99 : 0.000000 P100 : 0.000000 COUNT : 0 SUM : 0
rocksdb.read.block.compaction.micros P50 : 0.000000 P95 : 0.000000 P99 : 0.000000 P100 : 0.000000 COUNT : 0 SUM : 0
rocksdb.read.block.get.micros P50 : 0.000000 P95 : 0.000000 P99 : 0.000000 P100 : 0.000000 COUNT : 0 SUM : 0
rocksdb.write.raw.block.micros P50 : 0.000000 P95 : 0.000000 P99 : 0.000000 P100 : 0.000000 COUNT : 0 SUM : 0
rocksdb.l0.slowdown.count P50 : 0.000000 P95 : 0.000000 P99 : 0.000000 P100 : 0.000000 COUNT : 0 SUM : 0
rocksdb.memtable.compaction.count P50 : 0.000000 P95 : 0.000000 P99 : 0.000000 P100 : 0.000000 COUNT : 0 SUM : 0
rocksdb.num.files.stall.count P50 : 0.000000 P95 : 0.000000 P99 : 0.000000 P100 : 0.000000 COUNT : 0 SUM : 0
rocksdb.hard.rate.limit.delay.count P50 : 0.000000 P95 : 0.000000 P99 : 0.000000 P100 : 0.000000 COUNT : 0 SUM : 0
rocksdb.soft.rate.limit.delay.count P50 : 0.000000 P95 : 0.000000 P99 : 0.000000 P100 : 0.000000 COUNT : 0 SUM : 0
rocksdb.numfiles.in.singlecompaction P50 : 0.000000 P95 : 0.000000 P99 : 0.000000 P100 : 0.000000 COUNT : 0 SUM : 0
rocksdb.db.seek.micros P50 : 0.000000 P95 : 0.000000 P99 : 0.000000 P100 : 0.000000 COUNT : 0 SUM : 0
rocksdb.db.write.stall P50 : 0.000000 P95 : 0.000000 P99 : 0.000000 P100 : 0.000000 COUNT : 0 SUM : 0
rocksdb.sst.read.micros P50 : 0.000000 P95 : 0.000000 P99 : 0.000000 P100 : 0.000000 COUNT : 0 SUM : 0
rocksdb.num.subcompactions.scheduled P50 : 0.000000 P95 : 0.000000 P99 : 0.000000 P100 : 0.000000 COUNT : 0 SUM : 0
rocksdb.bytes.per.read P50 : 0.000000 P95 : 0.000000 P99 : 0.000000 P100 : 0.000000 COUNT : 0 SUM : 0
rocksdb.bytes.per.write P50 : 0.000000 P95 : 0.000000 P99 : 0.000000 P100 : 0.000000 COUNT : 0 SUM : 0
rocksdb.bytes.per.multiget P50 : 0.000000 P95 : 0.000000 P99 : 0.000000 P100 : 0.000000 COUNT : 0 SUM : 0
rocksdb.bytes.compressed P50 : 0.000000 P95 : 0.000000 P99 : 0.000000 P100 : 0.000000 COUNT : 0 SUM : 0
rocksdb.bytes.decompressed P50 : 0.000000 P95 : 0.000000 P99 : 0.000000 P100 : 0.000000 COUNT : 0 SUM : 0
rocksdb.compression.times.nanos P50 : 0.000000 P95 : 0.000000 P99 : 0.000000 P100 : 0.000000 COUNT : 0 SUM : 0
rocksdb.decompression.times.nanos P50 : 0.000000 P95 : 0.000000 P99 : 0.000000 P100 : 0.000000 COUNT : 0 SUM : 0
rocksdb.read.num.merge_operands P50 : 0.000000 P95 : 0.000000 P99 : 0.000000 P100 : 0.000000 COUNT : 0 SUM : 0
rocksdb.blobdb.key.size P50 : 0.000000 P95 : 0.000000 P99 : 0.000000 P100 : 0.000000 COUNT : 0 SUM : 0
rocksdb.blobdb.value.size P50 : 0.000000 P95 : 0.000000 P99 : 0.000000 P100 : 0.000000 COUNT : 0 SUM : 0
rocksdb.blobdb.write.micros P50 : 0.000000 P95 : 0.000000 P99 : 0.000000 P100 : 0.000000 COUNT : 0 SUM : 0
rocksdb.blobdb.get.micros P50 : 0.000000 P95 : 0.000000 P99 : 0.000000 P100 : 0.000000 COUNT : 0 SUM : 0
rocksdb.blobdb.multiget.micros P50 : 0.000000 P95 : 0.000000 P99 : 0.000000 P100 : 0.000000 COUNT : 0 SUM : 0
rocksdb.blobdb.seek.micros P50 : 0.000000 P95 : 0.000000 P99 : 0.000000 P100 : 0.000000 COUNT : 0 SUM : 0
rocksdb.blobdb.next.micros P50 : 0.000000 P95 : 0.000000 P99 : 0.000000 P100 : 0.000000 COUNT : 0 SUM : 0
rocksdb.blobdb.prev.micros P50 : 0.000000 P95 : 0.000000 P99 : 0.000000 P100 : 0.000000 COUNT : 0 SUM : 0
rocksdb.blobdb.blob.file.write.micros P50 : 0.000000 P95 : 0.000000 P99 : 0.000000 P100 : 0.000000 COUNT : 0 SUM : 0
rocksdb.blobdb.blob.file.read.micros P50 : 0.000000 P95 : 0.000000 P99 : 0.000000 P100 : 0.000000 COUNT : 0 SUM : 0
rocksdb.blobdb.blob.file.sync.micros P50 : 0.000000 P95 : 0.000000 P99 : 0.000000 P100 : 0.000000 COUNT : 0 SUM : 0
rocksdb.blobdb.gc.micros P50 : 0.000000 P95 : 0.000000 P99 : 0.000000 P100 : 0.000000 COUNT : 0 SUM : 0
rocksdb.blobdb.compression.micros P50 : 0.000000 P95 : 0.000000 P99 : 0.000000 P100 : 0.000000 COUNT : 0 SUM : 0
rocksdb.blobdb.decompression.micros P50 : 0.000000 P95 : 0.000000 P99 : 0.000000 P100 : 0.000000 COUNT : 0 SUM : 0
rocksdb.db.flush.micros P50 : 0.000000 P95 : 0.000000 P99 : 0.000000 P100 : 0.000000 COUNT : 0 SUM : 0
2022/09/21-16:51:13.273117 4bc8 [WARN] [db\db_impl.cc:669] ------- DUMPING STATS -------
2022/09/21-16:51:13.273214 4bc8 [WARN] [db\db_impl.cc:670] 
** DB Stats **
Uptime(secs): 600.0 total, 600.0 interval
Cumulative writes: 1 writes, 2 keys, 1 commit groups, 0.5 writes per commit group, ingest: 0.00 GB, 0.00 MB/s
Cumulative WAL: 1 writes, 1 syncs, 0.50 writes per sync, written: 0.00 GB, 0.00 MB/s
Cumulative stall: 00:00:0.000 H:M:S, 0.0 percent
Interval writes: 1 writes, 2 keys, 1 commit groups, 0.5 writes per commit group, ingest: 0.00 MB, 0.00 MB/s
Interval WAL: 1 writes, 1 syncs, 0.50 writes per sync, written: 0.00 MB, 0.00 MB/s
